[gd_scene format=3 uid="uid://ck5lenyq7mwgt"]

[ext_resource type="Script" uid="uid://doj4mdl4jliu" path="res://scenes/player.gd" id="1_3vyb7"]
[ext_resource type="PackedScene" uid="uid://c585i7nr6pwh" path="res://scenes/rod.tscn" id="2_g2els"]

[node name="Player" type="Node3D" unique_id=390882609]
script = ExtResource("1_3vyb7")

[node name="Camera" type="Camera3D" parent="." unique_id=1721382717]

[node name="Up" type="Node3D" parent="." unique_id=1705405695]

[node name="Down" type="Node3D" parent="." unique_id=567510098]
transform = Transform3D(0.9999999, 0, 0, 0, 0.70710677, 0.7071067, 0, -0.7071067, 0.70710665, 0, 0, 0)

[node name="Left" type="Node3D" parent="." unique_id=951543623]
transform = Transform3D(0.4999999, -0.6123724, 0.61237234, 0, 0.70710677, 0.7071067, -0.8660253, -0.35355332, 0.3535533, 0, 0, 0)

[node name="Right" type="Node3D" parent="." unique_id=1485090676]
transform = Transform3D(0.4999999, 0.6123724, -0.61237234, 0, 0.7071067, 0.70710665, 0.8660253, -0.35355332, 0.3535533, 0, 0, 0)

[node name="Rod" parent="." unique_id=1205497278 instance=ExtResource("2_g2els")]
